name: DefaultMaterial
color: [1, 1, 1, 1]
ambient: [0.200000003, 0.200000003, 0.200000003]
diffuse: [0.5, 0.5, 0.5]
specular: [1, 1, 1]
shininess: 32
useTexture: false
diffuseTexture: ""